Node Number	Shear Stress (Pa)
1	-6.0221e+005
2	-4.0875e+005
3	-1.3294e+006
4	1.7527e+005
5	-9.4054e+005
6	-2.6201e+005
7	-1.7523e+005
8	-55169
9	-8.3021e+005
10	1.5027e+005
11	82200
12	31028
13	-9.6299e+005
14	-1.3094e+005
15	-2.5261e+005
16	-3.3601e+005
17	4.5539e+005
18	-2.9866e+005
19	-1.5596e+005
20	6.8137e+005
21	-4.3447e+005
22	-3.6878e+005
23	-15478
24	-1.4701e+006
25	-1.366e+005
26	-6.7129e+005
27	-7.7128e+005
28	-1.3222e+005
29	-1.1402e+006
30	96781
31	-9713.9
32	-1.976e+005
33	-4.4842e+005
34	90201
35	-1.3752e+006
36	-9.6075e+005
37	-7.9523e+005
38	-2.7021e+006
39	2.174e+006
40	1.113e+006
41	-1.1233e+006
42	-6.2744e+006
43	5.6244e+005
44	-2.669e+005
45	4.0424e+005
46	-8.3563e+006
47	7.5237e+005
48	9.6912e+005
49	2.3489e+005
50	-2.2694e+006
51	-3.9408e+006
52	-4.1437e+006
53	-1.0629e+006
54	1.0768e+006
55	-1.4171e+006
56	-5.006e+005
57	-4.1609e+005
58	-1.2246e+005
59	4.0248e+005
60	-4.382e+005
61	-1.239e+005
62	3.8192e+005
63	-2.4902e+005
64	6.2642e+005
65	1.7682e+005
66	-84284
67	-2.2898e+005
68	19966
69	-2.e+005
70	-1.7852e+005
71	1.3201e+006
72	1.7415e+006
73	2.0054e+006
74	2.2096e+006
75	2.3085e+006
76	2.3173e+006
77	2.3361e+006
78	2.284e+006
79	2.1531e+006
80	1.9516e+006
81	-6.0936e+005
82	-27509
83	6.4356e+005
84	-1.2597e+006
85	-1.5546e+006
86	-1.6276e+006
87	-1.6873e+006
88	-1.6117e+006
89	-1.5693e+006
90	-1.4843e+006
91	-1.3744e+006
92	-1.0641e+006
93	-2.8371e+005
94	1.2497e+006
95	7.2375e+005
96	3.498e+005
97	1.8193e+005
98	-98225
99	-1.0287e+006
100	-1.2305e+006
101	-1.2723e+006
102	-92270
103	-3.2066e+005
104	-3.642e+005
105	-5.1898e+005
106	-4.0003e+005
107	-76110
108	-2.8735e+005
109	4.3898e+005
110	6.1255e+005
111	8.4008e+005
112	9.2875e+005
113	9.5335e+005
114	1.1455e+005
115	39651
116	-4.4366e+005
117	-6.2067e+005
118	7.7458e+005
119	6687.3
120	-9.2185e+005
121	-4.8835e+005
122	-1.0915e+005
123	3.6291e+005
124	8.3748e+005
125	6.9643e+005
126	1.4556e+006
127	1.5188e+006
128	1.5089e+006
129	-2.0528e+006
130	3.0877e+005
131	6.6559e+005
132	7.8414e+005
133	6.1288e+005
134	5.2056e+005
135	3.7221e+005
136	2.1951e+005
137	1.9871e+005
138	3.3128e+005
139	9.332e+005
140	2.7389e+006
141	1.4231e+006
142	6.942e+005
143	8368.4
144	2.7658e+005
145	2.4999e+005
146	1.7723e+005
147	1.0799e+005
148	-1.8515e+005
149	-1.6617e+006
150	-1.5597e+006
151	-1.616e+006
152	-1.7873e+006
153	-1.9173e+006
154	-1.8914e+006
155	-1.8911e+006
156	-1.811e+006
157	-1.6837e+006
158	-1.5809e+006
159	1.1392e+006
160	1.0925e+006
161	1.0689e+006
162	-6.3623e+005
163	1.6816e+006
164	2.8685e+005
165	-29489
166	-1.0867e+005
167	-54629
168	-1.0716e+005
169	-15923
170	13321
171	45428
172	2.1631e+006
173	-1.255e+006
174	-6.6812e+006
175	-5.2443e+006
176	-3.7025e+005
177	-8.2292e+005
178	-7.1613e+005
179	-7.5191e+005
180	-1.7628e+005
181	1.6842e+005
182	1.0522e+006
183	8.3045e+005
184	1.6983e+006
185	2.1619e+006
186	-1.4116e+006
187	-5.5544e+005
188	-5.0985e+005
189	42462
190	-3.5846e+005
191	1.1459e+005
192	1.0769e+005
193	-1.2185e+006
194	1.7338e+006
195	1.191e+006
196	8.8346e+005
197	8.2945e+005
198	8.2262e+005
199	7.6763e+005
200	7.7485e+005
201	7.5344e+005
202	8.4607e+005
203	1.1915e+005
204	-1.2996e+006
205	-1.6388e+006
206	-4.151e+006
207	-3.9144e+006
208	2.793e+006
209	-8.4008e+005
210	-1.0661e+006
211	-1.6505e+006
212	-1.4069e+006
213	-1.4042e+006
214	-1.4707e+006
215	-1.671e+006
216	-1.5736e+006
217	-1.3414e+006
218	-1.5116e+006
219	-4.2372e+005
220	-1.6246e+005
221	-1.2894e+005
222	-23278
223	-1.8665e+005
224	-9.2678e+005
225	-60402
226	28271
227	84153
228	71713
229	48829
230	15194
231	-51502
232	-75332
233	-1.574e+005
234	-3.8691e+005
235	-5.1134e+005
236	-4767.4
237	3.8897e+005
238	-1.9117e+005
239	4.1527e+005
240	-6.6262e+005
241	-2.1343e+005
242	6.4099e+005
243	-1.1527e+005
244	-1.0039e+006
245	-2.0957e+005
246	-4.0808e+005
247	-26155
248	-7.8359e+005
249	-9.7738e+005
250	-6.0376e+005
251	-7.5317e+005
252	2.2025e+005
253	-2.1929e+005
254	1.2075e+005
255	-31981
256	4.4786e+005
257	-7.3006e+005
258	-1.9406e+006
259	2.6708e+005
260	-68321
261	-1.6405e+006
262	-8.4098e+005
263	-1.6871e+006
264	94658
265	-2.4884e+005
266	-2.0203e+005
267	9.0737e+005
268	-2.6016e+006
269	-3.0382e+005
270	-2.7512e+006
271	6.7389e+005
272	1.1239e+006
273	1.3039e+006
274	2.3259e+005
275	1.4528e+006
276	-1.9529e+005
277	1.1587e+006
278	8.8715e+005
279	-1.4547e+006
280	9.5152e+005
281	9.5713e+005
282	9.6835e+005
283	1.7458e+006
284	6.5691e+005
285	8.208e+005
286	1.6195e+006
287	1.0587e+006
288	1.4572e+006
289	2.5108e+005
290	3.7036e+005
291	1.6754e+006
292	1.5747e+006
293	1.6404e+006
294	6.637e+005
295	-1.4307e+006
296	1.0451e+006
297	1.227e+006
298	-5.607e+005
299	83995
300	8.8693e+005
301	1.1234e+006
302	1.5486e+006
303	1.8037e+006
304	5.1405e+005
305	1.311e+006
306	5.9912e+005
307	3.4928e+005
308	3.1104e+005
309	-6.6306e+005
310	-1.7196e+005
311	1.5035e+005
312	6.3512e+005
313	1.3006e+005
314	2.5704e+005
315	3.8724e+005
316	3.6448e+005
317	-6.1034e+005
318	-2.5934e+005
319	6.982e+005
320	1.0504e+006
321	5.3521e+005
322	1.4259e+005
323	-3.2863e+005
324	1.3136e+006
325	18912
326	1.0621e+006
327	5.3155e+005
328	-7.2057e+005
329	-1.2699e+005
330	8.3523e+005
331	-1.5848e+005
332	-8.7425e+005
333	-7.6109e+005
334	2.995e+005
335	5.4259e+005
336	-1.5475e+006
337	6.2513e+005
338	1.8662e+005
339	3.0316e+005
340	-9.6582e+005
341	-3.6658e+005
342	-4.6911e+005
343	-5.1834e+005
344	-2.5271e+005
345	-93472
346	-3.1418e+005
347	-3.3538e+005
348	-2.3196e+005
349	-3.3068e+005
350	23322
351	-2.1211e+005
352	-2.6201e+005
353	-7.0633e+005
354	-5.7708e+005
355	-1.1462e+006
356	-7.3018e+005
357	-4.5708e+005
358	-9.9602e+005
359	-3.8264e+005
360	1.0315e+005
361	-3.9386e+005
362	-2.4368e+005
363	-19083
364	-6.0127e+005
365	-4.2917e+005
366	-4.5476e+005
367	-5.7698e+005
368	-1.4977e+005
369	-1.5859e+005
370	-55870
371	-89903
372	1.8949e+005
373	-1.8864e+005
374	-1.152e+005
375	-12480
376	-2.72e+005
377	-1.5591e+005
378	-1.832e+005
379	-4.642e+005
380	4.9175e+005
381	-3.9278e+005
382	47549
383	2.0011e+005
384	-2.1198e+005
385	-35323
386	-95885
387	-1.2317e+005
388	-85221
389	-5.2954e+005
390	-4.0417e+005
391	-8.966e+005
392	-4.8058e+005
393	-1.1502e+006
394	-9.8521e+005
395	-3.6671e+005
396	-6.0856e+005
397	-8.069e+005
398	-2.9881e+005
399	-86649
400	-7.2027e+005
401	1.1623e+005
402	2.6962e+005
403	-20453
404	3.9563e+005
405	17497
406	7.2706e+005
407	6.5449e+005
408	-2.3004e+005
409	56614
410	38716
411	2.3558e+005
412	-65616
413	3.616e+005
414	6.9303e+005
415	-2.6407e+005
416	-4.6598e+005
417	-2.4016e+005
418	13130
419	-3.1579e+005
420	-91202
421	6.6744e+005
422	3.4397e+005
423	5.4485e+005
424	-2.8965e+005
425	-5.4697e+005
426	-6.7495e+005
427	-7.3716e+005
428	-2.7386e+005
429	-8.128e+005
430	-3.652e+005
431	-1.5304e+005
432	47838
433	-7.8666e+005
434	-2.8271e+005
435	-6.3558e+005
436	-17082
437	-2.5893e+005
438	1.4216e+005
439	-78550
440	-4.5727e+005
441	1.0139e+005
442	-1.3404e+005
443	-1.8394e+005
444	-3.8524e+005
445	-1.1961e+005
446	39630
447	78367
448	2.1996e+005
449	1.5939e+005
450	-1.0795e+005
451	-2.7426e+005
452	-2.2731e+005
453	-4.8497e+005
454	-5.3497e+005
455	-6.5129e+005
456	-2.5411e+005
457	2.627e+005
458	-4.6362e+005
459	-1.4409e+005
460	-1.8276e+005
461	-2.8202e+005
462	1.2345e+005
463	2.7457e+005
464	-2.2942e+005
465	1.3664e+005
466	3.2761e+005
467	-7.8734e+005
468	-1.6885e+005
469	-2.3031e+005
470	-1.9213e+005
471	-2.5269e+005
472	-2.7998e+005
473	-3.0881e+005
474	-2.8541e+005
475	5.42e+005
476	3.9497e+005
477	81384
478	-76039
479	-1.0333e+005
480	-65375
481	-1.3052e+006
482	-6.8666e+005
483	-9.285e+005
484	-1.7053e+006
485	-2.1107e+006
486	-6.1875e+005
487	-4.0394e+005
488	-43886
489	-5.7026e+005
490	-4.4489e+005
491	-1.6932e+005
492	-2.2021e+005
493	5.1106e+005
494	1.9748e+005
495	-7.2129e+005
496	-8.376e+005
497	-4.4043e+005
498	-6.3753e+005
499	-7.1223e+005
500	-7.0067e+005
501	-4.8756e+005
502	2.2632e+005
503	2.4372e+005
504	4.8457e+005
505	-4.5175e+005
506	-4.9043e+005
507	-5.8968e+005
508	-8.7433e+005
509	-6.8752e+005
510	-7.5067e+005
511	-1.2292e+006
512	1.7632e+005
513	1.9372e+005
514	-57186
515	-53792
516	-6.3622e+005
517	-2.7015e+005
518	-79189
519	-4.5791e+005
520	-5.548e+005
521	-9.0966e+005
522	-1.3669e+006
523	2.6574e+005
524	-5.2172e+005
525	-1.3055e+006
526	-5.8318e+005
527	-9.619e+005
528	-1.8709e+006
529	-1.9457e+006
530	-4.5381e+005
531	-85933
532	-2.4165e+005
533	-2.3826e+005
534	-1.4507e+005
535	2.5602e+005
536	-1.0366e+005
537	40243
538	-4.8523e+005
539	1.861e+005
540	52438
541	-20847
542	-39017
543	-1.3453e+005
544	4599.2
545	1.4673e+005
546	-5.7918e+005
547	-1.6075e+005
548	92158
549	-1.29e+005
550	-1.3296e+005
551	-2.2847e+005
552	52782
553	-1.7911e+005
554	-9.1179e+005
555	-7.0459e+005
556	-3.387e+005
557	-2.1423e+005
558	3.1022e+005
559	-3.5388e+005
560	-4.3528e+005
561	-69391
562	5.7953e+005
563	1.0239e+005
564	29110
565	-84570
566	1.9485e+005
567	-1.168e+006
568	-9.0668e+005
569	-6.776e+005
570	-1.4674e+006
571	-8.1725e+005
572	-6.9948e+005
573	-5.4232e+005
574	-1.1102e+006
575	-1.2602e+006
576	-5.1058e+005
577	-6.1005e+005
578	6.8939e+005
579	-5.3107e+005
580	-1.424e+006
581	-1.0251e+006
582	-4.4883e+006
583	-3.3215e+006
584	18394
585	-1.6692e+006
586	-5.1026e+005
587	-1.2915e+006
588	1.6435e+006
589	9.5355e+005
590	4.5952e+005
591	-2.2536e+006
592	-9.8848e+005
593	1.3109e+006
594	-5134.2
595	-2.7841e+006
596	7.8044e+005
597	-3.6988e+006
598	-3.9022e+006
599	-3.1838e+006
600	-2.5188e+006
601	-3.3771e+005
602	-5.1076e+006
603	-3.4553e+006
604	-5.7593e+006
605	-3.0776e+006
606	-5.0944e+006
607	-2.9133e+006
608	4.8334e+005
609	6.5741e+005
610	4.3561e+005
611	-5.3816e+005
612	-4.4612e+005
613	-4.3414e+005
614	68673
615	2.5384e+005
616	-1.3011e+005
617	-1.1598e+006
618	-7.6093e+005
619	-9.5283e+005
620	-2.2089e+006
621	1.263e+006
622	90481
623	5.7831e+005
624	2.0547e+005
625	3.5651e+005
626	-6.1726e+005
627	-1.8734e+006
628	4.2605e+005
629	-5.3129e+006
630	-6.25e+006
631	-3.8454e+006
632	-4.0526e+006
633	8.6075e+005
634	-4.432e+005
635	-1.6993e+006
636	6.0011e+005
637	-3.3918e+005
638	6.0201e+005
639	7.0849e+005
640	-2.308e+005
641	-1.0173e+006
642	3.4137e+005
643	-5.9792e+005
644	-3.2066e+006
645	-3.0919e+006
646	-9.1078e+005
647	-1.0092e+006
648	-1.8501e+006
649	-4.0423e+006
650	-6.0096e+005
651	-2.5797e+006
652	-1.1035e+006
653	-1.9108e+006
654	-3.9276e+006
655	-1.7465e+006
656	-1.3149e+006
657	-1.7391e+006
658	-2.6811e+006
659	-1.205e+006
660	-4.029e+006
661	-1.8479e+006
662	-1.9463e+006
663	-1.4164e+006
664	-1.24e+006
665	-6.2069e+005
666	-64825
667	-4.8943e+005
668	7.3962e+005
669	7.2934e+005
670	1.4091e+006
671	1.0609e+006
672	-9.5885e+005
673	-7.9781e+005
674	-8.8778e+005
675	-6.4818e+005
676	-9.889e+005
677	-6.6656e+005
678	-4.5834e+005
679	-1.8992e+005
680	-5.3065e+005
681	-2.6928e+005
682	-1.5075e+005
683	-1.4767e+005
684	-2.2403e+005
685	-4.8839e+005
686	-1.9859e+005
687	1.4001e+005
688	-77222
689	-3.4158e+005
690	-51776
691	3.922e+005
692	1.8525e+005
693	7.2377e+005
694	-79110
695	2.1069e+005
696	3.5282e+005
697	-2.8105e+005
698	-2.0912e+005
699	-8.4894e+005
700	-9.9893e+005
701	-3.4877e+005
702	1.2901e+005
703	-51964
704	-6.9178e+005
705	-92148
706	-77938
707	3082.1
708	-1.9162e+005
709	1.0617e+006
710	1.6076e+005
711	1.7497e+005
712	7.1349e+005
713	2.5599e+005
714	61288
715	2.0041e+005
716	6.0857e+005
717	3.4254e+005
718	1.887e+005
719	-2.2451e+005
720	-2.1708e+005
721	4.4511e+005
722	-1.0179e+005
723	-70663
724	4.0162e+005
725	2.1321e+005
726	8.8283e+005
727	8.5946e+005
728	1.3398e+005
729	3.6706e+005
730	3.7359e+005
731	4.6296e+005
732	46269
733	6.3466e+005
734	6.2284e+005
735	1.4879e+005
736	2.3816e+005
737	-1.5663e+005
738	4.9228e+005
739	18235
740	-58132
741	1.0761e+005
742	-1.0451e+005
743	4.1993e+005
744	-1.3048e+005
745	-2.4416e+005
746	35256
747	-6007.2
748	-1.1969e+005
749	-1.8926e+005
750	-1.9258e+005
751	-78771
752	-2.7923e+005
753	-46157
754	3.2303e+005
755	-39625
756	55516
757	2.491e+005
758	-28707
759	3.7734e+005
760	-68030
761	-2.6849e+005
762	3.3377e+005
763	-28884
764	-47263
765	66257
766	2.5984e+005
767	1.6358e+006
768	9.8182e+005
769	1.2849e+006
770	1.5619e+006
771	1.8734e+006
772	1.3933e+006
773	9.3576e+005
774	1.2883e+006
775	2.1075e+006
776	1.79e+006
777	1.5252e+006
778	1.0677e+006
779	1.5279e+006
780	1.4203e+006
781	2.2591e+006
782	1.8922e+006
783	1.1698e+006
784	1.2333e+006
785	1.63e+006
786	2.3129e+006
787	1.964e+006
788	1.9416e+006
789	1.2828e+006
790	1.3479e+006
791	1.6795e+006
792	2.3267e+006
793	1.183e+006
794	1.1662e+006
795	1.9684e+006
796	1.9788e+006
797	1.3523e+006
798	1.6838e+006
799	2.31e+006
800	1.1756e+006
801	1.1423e+006
802	1.9883e+006
803	1.3617e+006
804	2.2185e+006
805	1.1162e+006
806	1.1043e+006
807	2.0149e+006
808	1.9622e+006
809	1.3356e+006
810	1.3242e+006
811	2.0523e+006
812	1.0389e+006
813	1.9495e+006
814	1.2588e+006
815	1.2976e+006
816	9.3813e+005
817	8.971e+005
818	1.8487e+006
819	1.8776e+006
820	1.158e+006
821	-3.1843e+005
822	-8.3675e+005
823	-3.5082e+005
824	-1.1355e+006
825	-7.6807e+005
826	3.0802e+005
827	-5.4582e+005
828	-59890
829	-94984
830	-78224
831	-4.7714e+005
832	-92454
833	96371
834	1.6848e+005
835	-3.7404e+005
836	9.4661e+005
837	2.4055e+005
838	2.5731e+005
839	2.4308e+005
840	4.319e+005
841	1.2236e+006
842	5.0402e+005
843	-1.4071e+006
844	-1.4097e+006
845	-1.4378e+006
846	-6.6004e+005
847	-5.6481e+005
848	-1.067e+006
849	-1.5911e+006
850	-1.5853e+006
851	-1.671e+006
852	-7.1225e+005
853	-1.2144e+006
854	-1.6574e+006
855	-1.7075e+006
856	-1.7724e+006
857	-7.4876e+005
858	-6.8527e+005
859	-1.2509e+006
860	-1.6495e+006
861	-1.8023e+006
862	-1.7894e+006
863	-8.0778e+005
864	-8.1923e+005
865	-7.1512e+005
866	-6.5002e+005
867	-1.5905e+006
868	-1.7516e+006
869	-1.7514e+006
870	-6.1223e+005
871	-1.5268e+006
872	-1.7302e+006
873	-1.6902e+006
874	-5.9105e+005
875	-1.1652e+006
876	-1.4293e+006
877	-1.6477e+006
878	-1.584e+006
879	-5.4853e+005
880	-5.5991e+005
881	-1.1024e+006
882	-1.1227e+006
883	-1.2192e+006
884	-1.529e+006
885	-1.4776e+006
886	-5.0494e+005
887	-1.0475e+006
888	-1.3629e+006
889	-1.3225e+006
890	-9.9545e+005
891	-3.4983e+005
892	-8.9235e+005
893	-1.9097e+005
894	-7.7803e+005
895	-2.8553e+005
896	3.0172e+005
897	5.8677e+005
898	-2.0535e+005
899	9.8671e+005
900	5.4361e+005
901	5.6037e+005
902	7.3496e+005
903	1.3535e+006
904	1.5267e+006
905	9.374e+005
906	5.3678e+005
907	2.9741e+005
908	3.5024e+005
909	4.72e+005
910	1.0905e+006
911	2.6586e+005
912	1.6326e+005
913	2.8502e+005
914	65255
915	9.0352e+005
916	41852
917	79326
918	-2361.6
919	-18680
920	8.1959e+005
921	27468
922	-6.8528e+005
923	-1.5876e+005
924	6.7951e+005
925	-1.1261e+005
926	-1.1296e+006
927	-7.1439e+005
928	-9.753e+005
929	-6.995e+005
930	-9.2584e+005
931	-7.2624e+005
932	-1.2514e+006
933	-8.1525e+005
934	-1.0762e+006
935	-1.0353e+006
936	-1.1483e+006
937	-8.2709e+005
938	-7.0856e+005
939	-7.2487e+005
940	-9.4676e+005
941	-6.7873e+005
942	-7.7985e+005
943	-1.1692e+006
944	-7.4581e+005
945	-9.677e+005
946	-6.9967e+005
947	-2.0647e+005
948	-8.77e+005
949	-7.5192e+005
950	-1.106e+005
951	-5.0952e+005
952	63990
953	-3.4243e+005
954	-8.6612e+005
955	-4.3805e+005
956	-2.248e+005
957	-1.7197e+005
958	-50207
959	-4.4159e+005
960	-4.5982e+005
961	-1.9374e+005
962	-71972
963	-2.9174e+005
964	-4.5951e+005
965	-5.3721e+005
966	-5.1442e+005
967	-3.6913e+005
968	-3.8514e+005
969	-4.5494e+005
970	-4.1188e+005
971	-3.0966e+005
972	-2.5988e+005
973	-34711
974	1.1633e+005
975	-7.654e+005
976	75812
977	-6.7671e+005
978	-9.6893e+005
979	2.999e+005
980	-4.7521e+005
981	-2.0717e+005
982	5.2576e+005
983	-6.0576e+005
984	6.6306e+005
985	6.2989e+005
986	-1.1204e+005
987	55173
988	7.2632e+005
989	7.1668e+005
990	-25254
991	2.203e+005
992	1.4196e+005
993	8.8442e+005
994	9.0421e+005
995	8.3044e+005
996	3.3406e+005
997	4.9521e+005
998	2.5572e+005
999	9.4105e+005
1000	-2.7097e+005
1001	-3.7115e+005
1002	9.4855e+005
1003	5.3955e+005
1004	3.0006e+005
1005	5.3395e+005
1006	-3.5885e+005
1007	-3.1015e+005
1008	9.6085e+005
1009	6.6186e+005
1010	5.5185e+005
1011	77100
1012	-7.2955e+005
1013	2.4246e+005
1014	1.3245e+005
1015	3.7483e+005
1016	-2.02e+005
1017	-7.67e+005
1018	-6.509e+005
1019	2.0501e+005
1020	3.3738e+005
1021	-2.1849e+005
1022	-8.9255e+005
1023	-9.7765e+005
1024	-9.4917e+005
1025	-36648
1026	95729
1027	76954
1028	4.441e+005
1029	-1.3367e+006
1030	7.712e+005
1031	7.7063e+005
1032	1.0861e+006
1033	3.9063e+005
1034	1.1417e+006
1035	-6.391e+005
1036	-2.625e+005
1037	-4.3209e+005
1038	1.7838e+006
1039	-3.6853e+005
1040	7.0485e+005
1041	1.5773e+005
1042	-6.4645e+005
1043	-8.1604e+005
1044	-7.5248e+005
1045	-7.24e+005
1046	3.209e+005
1047	-7.051e+005
1048	-8.7239e+005
1049	-8.1899e+005
1050	-9.9396e+005
1051	-6.7279e+005
1052	-7.9245e+005
1053	-2.9875e+005
1054	-6.0224e+005
1055	-6.2013e+005
1056	-5.757e+005
1057	-3.2341e+005
1058	1.2688e+005
1059	-4.3053e+005
1060	-1.4272e+005
1061	-3.861e+005
1062	-1.4055e+005
1063	-1.3381e+005
1064	6.0019e+005
1065	93315
1066	2.6567e+005
1067	-5.2063e+005
1068	-5.5389e+005
1069	95476
1070	2.5663e+005
1071	7.6695e+005
1072	5.0295e+005
1073	9.4484e+005
1074	-3.1661e+005
1075	4.9391e+005
1076	1.076e+006
1077	8.7432e+005
1078	7.6344e+005
1079	4.2339e+005
1080	1.005e+006
1081	1.4872e+006
1082	1.143e+006
1083	8.0298e+005
1084	1.0454e+006
1085	1.3846e+006
1086	1.5138e+006
1087	1.1746e+006
1088	1.6086e+006
1089	1.077e+006
1090	1.4162e+006
1091	1.6036e+006
1092	1.8354e+006
1093	2.1509e+006
1094	-1387.9
1095	1.072e+006
1096	55146
1097	-1.6539e+006
1098	3.701e+005
1099	-6.65e+005
1100	-5.7296e+005
1101	7.2487e+005
1102	1.1997e+006
1103	4.5834e+005
1104	1.1705e+006
1105	9.883e+005
1106	8.6383e+005
1107	6.9851e+005
1108	1.2298e+006
1109	1.0476e+006
1110	9.2311e+005
1111	5.6672e+005
1112	1.1441e+006
1113	8.6812e+005
1114	9.6194e+005
1115	6.06e+005
1116	8.3748e+005
1117	4.4639e+005
1118	6.75e+005
1119	6.7159e+005
1120	7.3604e+005
1121	8.2196e+005
1122	5.5984e+005
1123	4.3492e+005
1124	7.9132e+005
1125	2.9586e+005
1126	5.9741e+005
1127	6.6187e+005
1128	3.6075e+005
1129	4.5371e+005
1130	2.0911e+005
1131	5.8552e+005
1132	3.6678e+005
1133	2.8439e+005
1134	3.7736e+005
1135	2.65e+005
1136	3.5638e+005
1137	2.74e+005
1138	2.5488e+005
1139	3.6696e+005
1140	6.3224e+005
1141	6.442e+005
1142	2.0764e+005
1143	4.2266e+005
1144	3.2116e+005
1145	5.1474e+005
1146	4.3324e+005
1147	5.086e+005
1148	6.2212e+005
1149	8.157e+005
1150	2.081e+006
1151	2.2103e+006
1152	1.5129e+006
1153	2.2364e+006
1154	1.429e+006
1155	2.025e+006
1156	1.0587e+006
1157	8.55e+005
1158	6.9683e+005
1159	1.3671e+006
1160	9.8287e+005
1161	3.5128e+005
1162	3.3235e+005
1163	2.9277e+005
1164	1.0026e+006
1165	6.4666e+005
1166	6.184e+005
1167	1.4248e+005
1168	-50149
1169	-23131
1170	4.1891e+005
1171	3.0375e+005
1172	1.7882e+005
1173	2.6328e+005
1174	1.1098e+005
1175	3.1293e+005
1176	2.1361e+005
1177	97678
1178	71411
1179	2.9963e+005
1180	1.4261e+005
1181	35033
1182	80654
1183	2.6325e+005
1184	2.4413e+005
1185	1.8192e+005
1186	-38580
1187	46033
1188	60655
1189	2.0951e+005
1190	1.2529e+005
1191	1.473e+005
1192	-85914
1193	-69860
1194	-38729
1195	62944
1196	-21280
1197	-1.6213e+006
1198	-1.5366e+006
1199	-1.2943e+006
1200	-1.5878e+006
1201	-8.1003e+005
1202	-7.6569e+005
1203	-1.217e+006
1204	-1.7017e+006
1205	-7.9384e+005
1206	-7.659e+005
1207	-1.2451e+006
1208	-1.8523e+006
1209	-8.516e+005
1210	-8.5782e+005
1211	-7.6515e+005
1212	-1.3308e+006
1213	-1.9044e+006
1214	-9.2277e+005
1215	-9.3421e+005
1216	-8.3011e+005
1217	-1.8912e+006
1218	-9.2131e+005
1219	-9.3813e+005
1220	-7.521e+005
1221	-1.851e+006
1222	-9.3793e+005
1223	-9.7128e+005
1224	-7.519e+005
1225	-1.3261e+006
1226	-1.7473e+006
1227	-9.3126e+005
1228	-9.4317e+005
1229	-1.286e+006
1230	-1.6323e+006
1231	-8.7949e+005
1232	-9.2053e+005
1233	-1.2021e+006
1234	-1.2224e+006
1235	-1.2538e+006
1236	-8.6913e+005
1237	-1.1507e+006
1238	1.1159e+006
1239	5.9234e+005
1240	6.2347e+005
1241	1.0807e+006
1242	3.6702e+005
1243	6.001e+005
1244	6.96e+005
1245	3.5519e+005
1246	5.9172e+005
1247	6.8417e+005
1248	5.2269e+005
1249	-2.9403e+006
1250	-2.5854e+005
1251	9.8424e+005
1252	1.7077e+006
1253	9.0039e+005
1254	1.2868e+005
1255	1.0103e+006
1256	7.3892e+005
1257	7.9893e+005
1258	4.1472e+005
1259	-69078
1260	5.8075e+005
1261	4.2699e+005
1262	2.5655e+005
1263	-81648
1264	3.874e+005
1265	3.6039e+005
1266	2.4523e+005
1267	2.1696e+005
1268	-80897
1269	3.8741e+005
1270	3.8399e+005
1271	1.4732e+005
1272	-61543
1273	3.5773e+005
1274	3.3023e+005
1275	1.2106e+005
1276	39728
1277	-1300.9
1278	3.7585e+005
1279	3.7946e+005
1280	63333
1281	85348
1282	29375
1283	3.9408e+005
1284	3.8338e+005
1285	77955
1286	76559
1287	3.9943e+005
1288	4.4575e+005
1289	94009
1290	4.5405e+005
1291	2.1625e+006
1292	2.478e+006
1293	-3.9681e+006
1294	-1.4469e+006
1295	-2.703e+006
1296	7.69e+005
1297	-5.9627e+006
1298	-5.4161e+006
1299	-5.2978e+006
1300	-3.1167e+006
1301	-2.5626e+006
1302	-4.5793e+006
1303	-5.9659e+005
1304	-4.4005e+005
1305	-3.9699e+005
1306	-7.6953e+005
1307	-9.445e+005
1308	-6.2332e+005
1309	-7.3402e+005
1310	-8.911e+005
1311	-1.1833e+006
1312	-6.896e+005
1313	-4.3731e+005
1314	-4.6409e+005
1315	-1.2012e+006
1316	-1.0794e+006
1317	-4.5519e+005
1318	-3931.
1319	-7.9157e+005
1320	-7.9022e+005
1321	-1.7412e+005
1322	-1.6738e+005
1323	6.1031e+005
1324	-6.1787e+005
1325	-6.5114e+005
1326	9.4132e+005
1327	-2.0925e+005
1328	-3.0942e+005
1329	6.0128e+005
1330	1.1829e+006
1331	1.2644e+006
1332	-4.203e+005
1333	-3.716e+005
1334	-2.555e+005
1335	1.072e+006
1336	1.9301e+006
1337	1.7845e+005
1338	93349
1339	1.1667e+006
1340	1.506e+006
1341	2.4774e+006
1342	3.2514e+005
1343	-9.8351e+005
1344	-7.7026e+005
1345	-7.1743e+005
1346	-1.1692e+006
1347	-5.3265e+005
1348	-2.8936e+005
1349	-3.7105e+005
1350	-3.8736e+005
1351	-4.6679e+005
1352	-3.4825e+005
1353	-3.6457e+005
1354	-1.58e+005
1355	75076
1356	4.4426e+005
1357	-12929
1358	63228
1359	-1.2194e+005
1360	-1.2539e+005
1361	-1.1885e+005
1362	-2.1339e+005
1363	-4.5958e+005
1364	-1.3723e+005
1365	-29483
1366	1.1767e+005
1367	41304
1368	23134
1369	-2.2305e+005
1370	66751
1371	2.0704e+005
1372	2.0888e+005
1373	4.7688e+005
1374	1.2514e+005
1375	2.5764e+005
1376	-5.4967e+005
1377	-2.5664e+006
1378	-1.4295e+006
1379	-4.8371e+005
1380	1.4624e+006
1381	9.2647e+005
1382	46641
1383	9.9243e+005
1384	1.7046e+006
1385	1.5224e+006
1386	1.3979e+006
1387	1.0372e+006
1388	-2.2476e+005
1389	6.4282e+005
1390	1.0492e+006
1391	1.4332e+006
1392	1.251e+006
1393	1.1265e+006
1394	8.6679e+005
1395	8.5645e+005
1396	8.9541e+005
1397	1.2794e+006
1398	1.0034e+006
1399	7.4129e+005
1400	9.7277e+005
1401	7.1303e+005
1402	8.2603e+005
1403	8.6841e+005
1404	9.764e+005
1405	7.1429e+005
1406	5.8936e+005
1407	9.4576e+005
1408	7.9512e+005
1409	4.0892e+005
1410	8.6499e+005
1411	7.4825e+005
1412	8.8707e+005
1413	9.7299e+005
1414	5.8595e+005
1415	6.7891e+005
1416	7.7124e+005
1417	7.2076e+005
1418	8.5958e+005
1419	6.4084e+005
1420	5.5845e+005
1421	6.5142e+005
1422	4.7712e+005
1423	7.6414e+005
1424	5.2096e+005
1425	7.2437e+005
1426	8.6599e+005
1427	6.4445e+005
1428	5.4294e+005
1429	7.3652e+005
1430	6.5503e+005
1431	4.5872e+005
1432	4.8073e+005
1433	7.9975e+005
1434	5.1026e+005
1435	8.5529e+005
1436	5.3224e+005
1437	7.2582e+005
1438	4.4801e+005
1439	5.5657e+005
1440	3.8887e+005
1441	9.016e+005
1442	4.6503e+005
1443	8.665e+005
1444	7.7213e+005
1445	4.9433e+005
1446	-1.8976e+006
1447	-1.4692e+006
1448	7.4669e+005
1449	-1.4056e+006
1450	-1.47e+006
1451	-1.3771e+006
1452	-2.8949e+006
1453	5.771e+005
1454	-1.6396e+006
1455	-1.5467e+006
1456	-1.5347e+006
1457	-4.0327e+006
1458	-1.8516e+006
1459	-2.8957e+006
1460	-2.7908e+006
1461	-1.7333e+006
1462	-2.7774e+006
1463	-1.8316e+006
1464	-2.6725e+006
1465	6.4066e+005
1466	-9.5307e+005
1467	-6.319e+005
1468	-5.1336e+005
1469	-8.4053e+005
1470	23537
1471	3.0858e+005
1472	-4.8354e+005
1473	-1.3583e+006
1474	-7.449e+005
1475	-9.5353e+005
1476	-89461
1477	-8.6457e+005
1478	-5.9653e+005
1479	-1.5287e+006
1480	-1.2457e+006
1481	-1.6688e+006
1482	-2.126e+006
1483	-3.8167e+005
1484	-4.1485e+005
1485	-1.1568e+006
1486	-9.8956e+005
1487	-9.0449e+005
1488	-1.4055e+006
1489	-2.0042e+006
1490	-2.9303e+005
1491	-1.035e+006
1492	-7.8941e+005
1493	-8.6774e+005
1494	-7.8267e+005
1495	-1.4374e+006
1496	-2.0029e+006
1497	-2.1791e+005
1498	-2.9168e+005
1499	-7.8806e+005
1500	-6.2691e+005
1501	-8.664e+005
1502	-1.5709e+006
1503	-2.0361e+006
1504	-2.111e+006
1505	-2.5118e+005
1506	-6.6018e+005
1507	-8.9967e+005
1508	-1.6223e+006
1509	-2.2111e+006
1510	-3.5135e+005
1511	-6.5034e+005
1512	-7.6035e+005
1513	-1.7874e+005
1514	-1.4575e+006
1515	-1.7571e+006
1516	-2.1624e+006
1517	-6.0164e+005
1518	-7.1165e+005
1519	-4.6927e+005
1520	-1.3004e+005
1521	-1.4265e+006
1522	-1.641e+006
1523	-4.8554e+005
1524	-3.5316e+005
1525	-13941
1526	-1.7261e+006
1527	-1.5761e+006
1528	-1.4832e+006
1529	-5.7064e+005
1530	-4.3826e+005
1531	-1.5296e+006
1532	-3.0519e+005
1533	-3.2151e+005
1534	-1.457e+005
1535	-5.4462e+005
1536	-1.5993e+005
1537	-5.0172e+005
1538	8.2061e+005
1539	2.3133e+005
1540	-76109
1541	-5.2786e+005
1542	45656
1543	-4.8496e+005
1544	6.6415e+005
1545	2.4809e+005
1546	-1.0497e+005
1547	98486
1548	-1.2128e+005
1549	-4.3213e+005
1550	7.1698e+005
1551	-2.0297e+005
1552	-5.1382e+005
1553	6.3529e+005
1554	-1.5682e+005
1555	-5.4209e+005
1556	-8.2367e+005
1557	-16066
1558	-64361
1559	4.9233e+005
1560	34829
1561	3.8741e+005
1562	-4.6733e+005
1563	1.2138e+005
1564	56212
1565	-20025
1566	-1.1029e+005
1567	-86881
1568	8.015e+005
1569	5.3667e+005
1570	6.2764e+005
1571	79165
1572	4.3175e+005
1573	-4.2299e+005
1574	77933
1575	-58940
1576	8.2944e+005
1577	1.0711e+005
1578	1.706e+005
1579	5.6728e+005
1580	4.5969e+005
1581	-3.9505e+005
1582	60271
1583	-65160
1584	8.4559e+005
1585	1.6438e+005
1586	2.2948e+005
1587	5.6106e+005
1588	32011
1589	-76602
1590	-1.275e+005
1591	8.3415e+005
1592	8.4463e+005
1593	2.1803e+005
1594	5.4962e+005
1595	2.9019e+005
1596	-18154
1597	-1.4432e+005
1598	8.2781e+005
1599	2.0122e+005
1600	-3.7295e+005
1601	-63417
1602	-3.9078e+005
1603	-1.7766e+005
1604	8.4717e+005
1605	7.9446e+005
1606	1.6787e+005
1607	1.5649e+005
1608	-4.0629e+005
1609	-1.1637e+005
1610	-4.027e+005
1611	8.3525e+005
1612	1.4457e+005
1613	-3.9795e+005
1614	-4.1821e+005
1615	-4.4373e+005
1616	-4.9919e+005
1617	7.9422e+005
1618	8.2314e+005
1619	1.0354e+005
1620	-4.3898e+005
1621	2.3386e+005
1622	-4.4913e+005
1623	14177
1624	-5.2476e+005
1625	-1.1637e+006
1626	-1.4613e+005
1627	-77162
1628	3.3588e+005
1629	-2.5805e+005
1630	-5.8698e+005
1631	-3.6239e+005
1632	-2.0834e+005
1633	1.9801e+005
1634	2.7366e+005
1635	1.921e+005
1636	-1.091e+005
1637	3.1811e+005
1638	4.513e+005
1639	3.3456e+005
1640	6.4954e+005
1641	4.7338e+005
1642	5.2695e+005
1643	98898
1644	5.1498e+005
1645	1.3685e+005
1646	3.2803e+005
1647	5.3143e+005
1648	8.4641e+005
1649	-1.5322e+005
1650	37954
1651	-2.2001e+005
1652	5.5634e+005
1653	6.3081e+005
1654	4.8377e+005
1655	-1.2368e+005
1656	-4.3802e+005
1657	2.1378e+005
1658	2.6286e+005
1659	-6.0674e+005
1660	-8.7855e+005
1661	-3.0883e+005
1662	-4.0666e+005
1663	-4.8137e+005
1664	-2.1712e+005
1665	-6.9273e+005
1666	-5.0592e+005
1667	-4.0487e+005
1668	-5.0177e+005
1669	-8.8049e+005
1670	-63339
1671	-59946
1672	-6.9696e+005
1673	-7.9057e+005
1674	-1.6024e+005
1675	-1.5684e+005
1676	-7.9386e+005
1677	-6.7847e+005
1678	2.7748e+005
1679	26575
1680	-6.0705e+005
1681	2.0277e+005
1682	-6.8176e+005
1683	480.55
1684	-1.7314e+005
1685	44386
1686	-2.1997e+005
1687	2.1012e+005
1688	-1.4566e+005
1689	-6534.1
1690	1.3376e+005
1691	-4.9143e+005
1692	-7.8552e+005
1693	-1.2086e+006
1694	-5.1694e+005
1695	1.9693e+005
1696	5.0789e+005
1697	4.5518e+005
1698	4.0926e+005
1699	-52467
1700	-1.7905e+006
1701	-9.2296e+005
1702	-2.3459e+006
1703	-8.5399e+005
1704	-1.0679e+006
1705	-7.851e+005
1706	-1.744e+006
1707	99381
1708	9119.1
1709	4.7049e+005
1710	7.8547e+005
1711	8.5993e+005
1712	6.1211e+005
1713	5.7701e+005
1714	-1.5858e+005
1715	4.8837e+005
1716	5.7935e+005
1717	-3.1451e+005
1718	7837.2
1719	4.093e+005
1720	1.1742e+005
1721	-7.7292e+005
1722	-9.1789e+005
1723	-1.5476e+006
1724	-6.9471e+005
1725	17453
1726	-1.5356e+006
1727	-1.594e+006
1728	-1.264e+006
1729	23084
1730	3.0813e+005
1731	3.538e+005
1732	-1.0793e+005
1733	-2.1443e+006
1734	-2.8158e+005
1735	-3.9997e+005
1736	-4.3315e+005
1737	-5.117e+005
1738	-69259
1739	5.0101e+005
1740	1.6362e+005
1741	-50315
1742	5.7666e+005
1743	8.8503e+005
1744	-2.2544e+005
1745	6.0197e+005
1746	6.6294e+005
1747	4.8908e+005
1748	3.1904e+005
1749	6.2538e+005
1750	7.0872e+005
1751	6.8635e+005
1752	4.2419e+005
1753	1.6476e+005
1754	9.2944e+005
1755	9.8301e+005
1756	1.2914e+006
1757	1.0154e+006
1758	-8.1662e+005
1759	-8.904e+005
1760	-9.6895e+005
1761	4.2745e+005
1762	6.683e+005
1763	1.1386e+005
1764	-1.2593e+006
1765	-8.9144e+005
1766	-1.1904e+006
1767	9.8887e+005
1768	8.1271e+005
1769	8.1551e+005
1770	5.9397e+005
1771	1.1413e+006
1772	1.0055e+006
1773	1.4349e+006
1774	9.7236e+005
1775	1.3822e+006
1776	8.9381e+005
1777	1.3363e+006
1778	1.3783e+006
1779	1.2313e+006
1780	1.1277e+006
1781	1.1305e+006
1782	9.8038e+005
1783	1.1813e+006
1784	3.4676e+005
1785	18650
1786	6.0047e+005
1787	4.4475e+005
1788	6.4563e+005
1789	3.0148e+005
1790	4.4814e+005
1791	1.3058e+006
1792	1.205e+006
1793	1.5361e+006
1794	1.5138e+006
1795	1.3399e+006
1796	1.1699e+006
1797	9.9217e+005
1798	-8.2499e+005
1799	4.3169e+005
1800	27897
1801	87538
1802	7.4006e+005
1803	-8.7137e+005
1804	9.0782e+005
1805	1.3891e+006
1806	1.3996e+006
1807	9.1121e+005
1808	2.7419e+005
1809	8.4514e+005
1810	8.5397e+005
1811	1.1722e+006
1812	1.2179e+006
1813	3.8008e+005
1814	-6.018e+005
1815	-5.4216e+005
1816	-1.4427e+006
1817	-1.5011e+006
1818	9.5433e+005
1819	1.0051e+006
1820	1.0374e+006
1821	7.3279e+005
1822	7.4337e+005
1823	5.2056e+005
1824	9.2203e+005
1825	7.3559e+005
1826	8.2767e+005
1827	8.9457e+005
1828	6.6936e+005
1829	8.1602e+005
1830	3.1986e+005
1831	1.6931e+006
1832	1.6472e+006
1833	1.7748e+006
1834	1.1855e+006
1835	8.5779e+005
1836	6.6031e+005
1837	23287
1838	7.4225e+005
1839	2.4608e+005
1840	1.5971e+006
1841	1.63e+006
1842	1.3349e+006
1843	1.0755e+006
1844	1.367e+006
1845	1.091e+006
1846	1.5029e+006
1847	1.6305e+006
1848	6.6512e+005
1849	1.0412e+006
1850	9.6324e+005
1851	-5.8982e+005
1852	-5.8855e+005
1853	1.3994e+006
1854	1.3687e+006
1855	1.3099e+006
1856	1.4009e+006
1857	1.3126e+006
1858	1.205e+006
1859	1.086e+006
1860	1.136e+006
1861	2.4218e+005
1862	9.4015e+005
1863	6.7411e+005
1864	3.3316e+005
1865	1.057e+006
1866	-2.3835e+005
1867	1.6312e+005
1868	-2.7089e+005
1869	-1.2877e+005
1870	4.8546e+005
1871	3.911e+005
1872	1.0927e+006
1873	1.6761e+006
1874	1.0869e+006
1875	1.2144e+006
1876	6.0612e+005
1877	5.2463e+005
1878	9.5507e+005
1879	1.1865e+006
1880	9.268e+005
1881	4.742e+005
1882	8.306e+005
1883	5.7086e+005
1884	3.3016e+005
1885	4.4224e+005
1886	2.6795e+005
1887	5.0462e+005
1888	4.2312e+005
1889	2.2681e+005
1890	2.4883e+005
1891	-4.1751e+005
1892	-4.9584e+005
1893	-4.1077e+005
1894	-10807
1895	-2.5029e+005
1896	-1.6522e+005
1897	3.9273e+005
1898	-89141
1899	7.3195e+005
1900	9.7434e+005
1901	1.9355e+005
1902	5.9023e+005
1903	4.8264e+005
1904	-3.721e+005
1905	3.2214e+005
1906	6.5372e+005
1907	-3.0861e+005
1908	3.7586e+005
1909	7.1882e+005
1910	-1.8692e+005
1911	-1.7804e+005
1912	-1.983e+005
1913	6.1671e+005
1914	4.2039e+005
1915	9.4282e+005
1916	3.6092e+005
1917	1.646e+005
1918	1.6104e+005
1919	8.0234e+005
1920	-7.4083e+005
